dataset 1
mean	 var
0.14566504632663335 	 0.00038172900166520777
0.0 	 0.0
0.11069627467038406 	 0.0003758390525799556
0.0 	 0.0
0.12628296220139842 	 0.00035195941823969087
0.0 	 0.0
0.05817613975182721 	 0.000246493431465447
0.0 	 0.0
0.0 	 0.0
dataset 2
mean	 var
0.1490398376610068 	 9.894254296822026e-05
0.0 	 0.0
0.10587531400167371 	 5.581079628804913e-05
0.0 	 0.0
0.13619225146248362 	 4.430360442922576e-05
0.0 	 0.0
0.06556044233974619 	 4.0561400228949476e-05
0.0 	 0.0
0.0 	 0.0
dataset 3
mean	 var
0.133242814233773 	 0.000720954535292006
0.0 	 0.0
0.107756151655868 	 0.0004472494931673497
0.0 	 0.0
0.12038505719335231 	 0.0003400604962691776
0.0 	 0.0
0.038665390163701394 	 0.00016240701936367916
0.0 	 0.0
0.0 	 0.0
dataset 4
mean	 var
0.10655838100306514 	 0.0003491449057122431
0.0 	 0.0
0.08399783438973252 	 0.0002756439795665983
0.0 	 0.0
0.09796448987726077 	 0.00019197129313712965
0.0 	 0.0
0.04052302419625059 	 0.0001391674262920196
0.0 	 0.0
0.0 	 0.0
dataset 5
mean	 var
0.17534595805803838 	 0.00021469583252437392
0.0 	 0.0
0.13078474592466913 	 6.177966971288764e-05
0.0 	 0.0
0.16751468827571164 	 0.000143795953606482
0.0 	 0.0
0.11164839540995285 	 0.00013248795140525607
0.0 	 0.0
0.0 	 0.0
dataset 6
mean	 var
0.11587151656641494 	 0.0005312564866594432
0.0 	 0.0
0.06902863833475449 	 0.00018182889035055704
0.0 	 0.0
0.11277627041005527 	 0.0004951133642894781
0.0 	 0.0
0.06586879813713686 	 0.00029891356951749294
0.0 	 0.0
0.0 	 0.0
dataset 7
mean	 var
0.1454278338926249 	 0.0011269350142624822
0.0 	 0.0
0.06467369117468254 	 0.00022039771783090317
0.0 	 0.0
0.12472852143279031 	 0.00081647111619862
0.0 	 0.0
0.05597347922820764 	 0.0001721086730201143
0.0 	 0.0
0.0 	 0.0
dataset 8
mean	 var
0.1857828598101721 	 0.00029248978811375405
0.0 	 0.0
0.103974223676864 	 0.00039295445623702325
0.0 	 0.0
0.17149706610745927 	 0.0002632683397393227
0.0 	 0.0
0.060491133444007666 	 0.0001070763972033639
0.0 	 0.0
0.0 	 0.0
dataset 9
mean	 var
0.16551315126638386 	 0.0008763671894089171
0.0 	 0.0
0.03016590538320158 	 0.00014920827757513628
0.0 	 0.0
0.176619827144206 	 0.002139199934405854
0.0 	 0.0
0.023991327668346937 	 0.000156024411506005
0.0 	 0.0
0.0 	 0.0
