
dataset 1
mean		 var
0.13477378185507582 	 0.00032348257072456954
0.0 	 0.0
0.0 	 0.0
0.0 	 0.0
0.0 	 0.0
0.0 	 0.0
0.0 	 0.0
0.0 	 0.0
0.0 	 0.0
0.0 	 0.0
0.0 	 0.0
0.0 	 0.0
0.0 	 0.0
0.0 	 0.0
0.0 	 0.0
0.0 	 0.0
0.0 	 0.0
0.0 	 0.0
0.0 	 0.0
0.0 	 0.0
0.0 	 0.0
0.0 	 0.0
0.0 	 0.0
0.0 	 0.0
0.0 	 0.0
0.1126538666584117 	 0.0003036122418832187
0.0 	 0.0
0.0 	 0.0
0.0 	 0.0
0.0 	 0.0
0.0 	 0.0
0.0 	 0.0
0.0 	 0.0
0.0 	 0.0
0.0 	 0.0
0.0 	 0.0
0.0 	 0.0
0.0 	 0.0
0.0 	 0.0
0.0 	 0.0
0.0 	 0.0
0.0 	 0.0
0.0 	 0.0
0.0 	 0.0
0.0 	 0.0
0.0 	 0.0
0.0 	 0.0
0.0 	 0.0
0.0 	 0.0
0.0 	 0.0
0.13183687930686608 	 0.0003742116322754631
0.0 	 0.0
0.0 	 0.0
0.0 	 0.0
0.0 	 0.0
0.0 	 0.0
0.0 	 0.0
0.0 	 0.0
0.0 	 0.0
0.0 	 0.0
0.0 	 0.0
0.0 	 0.0
0.0 	 0.0
0.0 	 0.0
0.0 	 0.0
0.0 	 0.0
0.0 	 0.0
0.0 	 0.0
0.0 	 0.0
0.0 	 0.0
0.0 	 0.0
0.0 	 0.0
0.0 	 0.0
0.0 	 0.0
0.0 	 0.0
0.05926343181672538 	 0.00010196022696490865
0.0 	 0.0
0.0 	 0.0
0.0 	 0.0
0.0 	 0.0
0.0 	 0.0
0.0 	 0.0
0.0 	 0.0
0.0 	 0.0
0.0 	 0.0
0.0 	 0.0
0.0 	 0.0
0.0 	 0.0
0.0 	 0.0
0.0 	 0.0
0.0 	 0.0
0.0 	 0.0
0.0 	 0.0
0.0 	 0.0
0.0 	 0.0
0.0 	 0.0
0.0 	 0.0
0.0 	 0.0
0.0 	 0.0
0.0 	 0.0

dataset 2
mean		 var
0.14255285103541612 	 8.418297141769718e-05
0.0 	 0.0
0.0 	 0.0
0.0 	 0.0
0.0 	 0.0
0.0 	 0.0
0.0 	 0.0
0.0 	 0.0
0.0 	 0.0
0.0 	 0.0
0.0 	 0.0
0.0 	 0.0
0.0 	 0.0
0.0 	 0.0
0.0 	 0.0
0.0 	 0.0
0.0 	 0.0
0.0 	 0.0
0.0 	 0.0
0.0 	 0.0
0.0 	 0.0
0.0 	 0.0
0.0 	 0.0
0.0 	 0.0
0.0 	 0.0
0.10402005260918278 	 4.18024787407134e-05
0.0 	 0.0
0.0 	 0.0
0.0 	 0.0
0.0 	 0.0
0.0 	 0.0
0.0 	 0.0
0.0 	 0.0
0.0 	 0.0
0.0 	 0.0
0.0 	 0.0
0.0 	 0.0
0.0 	 0.0
0.0 	 0.0
0.0 	 0.0
0.0 	 0.0
0.0 	 0.0
0.0 	 0.0
0.0 	 0.0
0.0 	 0.0
0.0 	 0.0
0.0 	 0.0
0.0 	 0.0
0.0 	 0.0
0.0 	 0.0
0.14734777357317116 	 5.38636258022213e-05
0.0 	 0.0
0.0 	 0.0
0.0 	 0.0
0.0 	 0.0
0.0 	 0.0
0.0 	 0.0
0.0 	 0.0
0.0 	 0.0
0.0 	 0.0
0.0 	 0.0
0.0 	 0.0
0.0 	 0.0
0.0 	 0.0
0.0 	 0.0
0.0 	 0.0
0.0 	 0.0
0.0 	 0.0
0.0 	 0.0
0.0 	 0.0
0.0 	 0.0
0.0 	 0.0
0.0 	 0.0
0.0 	 0.0
0.0 	 0.0
0.08260321567677271 	 5.9221032521541945e-05
0.0 	 0.0
0.0 	 0.0
0.0 	 0.0
0.0 	 0.0
0.0 	 0.0
0.0 	 0.0
0.0 	 0.0
0.0 	 0.0
0.0 	 0.0
0.0 	 0.0
0.0 	 0.0
0.0 	 0.0
0.0 	 0.0
0.0 	 0.0
0.0 	 0.0
0.0 	 0.0
0.0 	 0.0
0.0 	 0.0
0.0 	 0.0
0.0 	 0.0
0.0 	 0.0
0.0 	 0.0
0.0 	 0.0
0.0 	 0.0

dataset 3
mean		 var
0.12058713514268203 	 0.0005967532074782219
0.0 	 0.0
0.0 	 0.0
0.0 	 0.0
0.0 	 0.0
0.0 	 0.0
0.0 	 0.0
0.0 	 0.0
0.0 	 0.0
0.0 	 0.0
0.0 	 0.0
0.0 	 0.0
0.0 	 0.0
0.0 	 0.0
0.0 	 0.0
0.0 	 0.0
0.0 	 0.0
0.0 	 0.0
0.0 	 0.0
0.0 	 0.0
0.0 	 0.0
0.0 	 0.0
0.0 	 0.0
0.0 	 0.0
0.0 	 0.0
0.11799107753024435 	 0.0006013900483893741
0.0 	 0.0
0.0 	 0.0
0.0 	 0.0
0.0 	 0.0
0.0 	 0.0
0.0 	 0.0
0.0 	 0.0
0.0 	 0.0
0.0 	 0.0
0.0 	 0.0
0.0 	 0.0
0.0 	 0.0
0.0 	 0.0
0.0 	 0.0
0.0 	 0.0
0.0 	 0.0
0.0 	 0.0
0.0 	 0.0
0.0 	 0.0
0.0 	 0.0
0.0 	 0.0
0.0 	 0.0
0.0 	 0.0
0.0 	 0.0
0.12138965946522283 	 0.0004955414962214713
0.0 	 0.0
0.0 	 0.0
0.0 	 0.0
0.0 	 0.0
0.0 	 0.0
0.0 	 0.0
0.0 	 0.0
0.0 	 0.0
0.0 	 0.0
0.0 	 0.0
0.0 	 0.0
0.0 	 0.0
0.0 	 0.0
0.0 	 0.0
0.0 	 0.0
0.0 	 0.0
0.0 	 0.0
0.0 	 0.0
0.0 	 0.0
0.0 	 0.0
0.0 	 0.0
0.0 	 0.0
0.0 	 0.0
0.0 	 0.0
0.05140347888742893 	 0.00020939645101508426
0.0 	 0.0
0.0 	 0.0
0.0 	 0.0
0.0 	 0.0
0.0 	 0.0
0.0 	 0.0
0.0 	 0.0
0.0 	 0.0
0.0 	 0.0
0.0 	 0.0
0.0 	 0.0
0.0 	 0.0
0.0 	 0.0
0.0 	 0.0
0.0 	 0.0
0.0 	 0.0
0.0 	 0.0
0.0 	 0.0
0.0 	 0.0
0.0 	 0.0
0.0 	 0.0
0.0 	 0.0
0.0 	 0.0
0.0 	 0.0

dataset 4
mean		 var
0.11209622092784295 	 0.00043796261026554753
0.0 	 0.0
0.0 	 0.0
0.0 	 0.0
0.0 	 0.0
0.0 	 0.0
0.0 	 0.0
0.0 	 0.0
0.0 	 0.0
0.0 	 0.0
0.0 	 0.0
0.0 	 0.0
0.0 	 0.0
0.0 	 0.0
0.0 	 0.0
0.0 	 0.0
0.0 	 0.0
0.0 	 0.0
0.0 	 0.0
0.0 	 0.0
0.0 	 0.0
0.0 	 0.0
0.0 	 0.0
0.0 	 0.0
0.0 	 0.0
0.09677945647328107 	 0.000378588791483718
0.0 	 0.0
0.0 	 0.0
0.0 	 0.0
0.0 	 0.0
0.0 	 0.0
0.0 	 0.0
0.0 	 0.0
0.0 	 0.0
0.0 	 0.0
0.0 	 0.0
0.0 	 0.0
0.0 	 0.0
0.0 	 0.0
0.0 	 0.0
0.0 	 0.0
0.0 	 0.0
0.0 	 0.0
0.0 	 0.0
0.0 	 0.0
0.0 	 0.0
0.0 	 0.0
0.0 	 0.0
0.0 	 0.0
0.0 	 0.0
0.0993205514622442 	 0.00022922166175458648
0.0 	 0.0
0.0 	 0.0
0.0 	 0.0
0.0 	 0.0
0.0 	 0.0
0.0 	 0.0
0.0 	 0.0
0.0 	 0.0
0.0 	 0.0
0.0 	 0.0
0.0 	 0.0
0.0 	 0.0
0.0 	 0.0
0.0 	 0.0
0.0 	 0.0
0.0 	 0.0
0.0 	 0.0
0.0 	 0.0
0.0 	 0.0
0.0 	 0.0
0.0 	 0.0
0.0 	 0.0
0.0 	 0.0
0.0 	 0.0
0.03439871760445293 	 5.252010698143575e-05
0.0 	 0.0
0.0 	 0.0
0.0 	 0.0
0.0 	 0.0
0.0 	 0.0
0.0 	 0.0
0.0 	 0.0
0.0 	 0.0
0.0 	 0.0
0.0 	 0.0
0.0 	 0.0
0.0 	 0.0
0.0 	 0.0
0.0 	 0.0
0.0 	 0.0
0.0 	 0.0
0.0 	 0.0
0.0 	 0.0
0.0 	 0.0
0.0 	 0.0
0.0 	 0.0
0.0 	 0.0
0.0 	 0.0
0.0 	 0.0

dataset 5
mean		 var
0.16747377226139956 	 0.0003650857669754634
0.0 	 0.0
0.0 	 0.0
0.0 	 0.0
0.0 	 0.0
0.0 	 0.0
0.0 	 0.0
0.0 	 0.0
0.0 	 0.0
0.0 	 0.0
0.0 	 0.0
0.0 	 0.0
0.0 	 0.0
0.0 	 0.0
0.0 	 0.0
0.0 	 0.0
0.0 	 0.0
0.0 	 0.0
0.0 	 0.0
0.0 	 0.0
0.0 	 0.0
0.0 	 0.0
0.0 	 0.0
0.0 	 0.0
0.0 	 0.0
0.11981426582771214 	 0.00014574538882399158
0.0 	 0.0
0.0 	 0.0
0.0 	 0.0
0.0 	 0.0
0.0 	 0.0
0.0 	 0.0
0.0 	 0.0
0.0 	 0.0
0.0 	 0.0
0.0 	 0.0
0.0 	 0.0
0.0 	 0.0
0.0 	 0.0
0.0 	 0.0
0.0 	 0.0
0.0 	 0.0
0.0 	 0.0
0.0 	 0.0
0.0 	 0.0
0.0 	 0.0
0.0 	 0.0
0.0 	 0.0
0.0 	 0.0
0.0 	 0.0
0.15834300737573723 	 0.0002422731368238229
0.0 	 0.0
0.0 	 0.0
0.0 	 0.0
0.0 	 0.0
0.0 	 0.0
0.0 	 0.0
0.0 	 0.0
0.0 	 0.0
0.0 	 0.0
0.0 	 0.0
0.0 	 0.0
0.0 	 0.0
0.0 	 0.0
0.0 	 0.0
0.0 	 0.0
0.0 	 0.0
0.0 	 0.0
0.0 	 0.0
0.0 	 0.0
0.0 	 0.0
0.0 	 0.0
0.0 	 0.0
0.0 	 0.0
0.0 	 0.0
0.09775082401677122 	 0.00019738715875128665
0.0 	 0.0
0.0 	 0.0
0.0 	 0.0
0.0 	 0.0
0.0 	 0.0
0.0 	 0.0
0.0 	 0.0
0.0 	 0.0
0.0 	 0.0
0.0 	 0.0
0.0 	 0.0
0.0 	 0.0
0.0 	 0.0
0.0 	 0.0
0.0 	 0.0
0.0 	 0.0
0.0 	 0.0
0.0 	 0.0
0.0 	 0.0
0.0 	 0.0
0.0 	 0.0
0.0 	 0.0
0.0 	 0.0
0.0 	 0.0

dataset 6
mean		 var
0.11493186838448233 	 0.0004487207147338012
0.0 	 0.0
0.0 	 0.0
0.0 	 0.0
0.0 	 0.0
0.0 	 0.0
0.0 	 0.0
0.0 	 0.0
0.0 	 0.0
0.0 	 0.0
0.0 	 0.0
0.0 	 0.0
0.0 	 0.0
0.0 	 0.0
0.0 	 0.0
0.0 	 0.0
0.0 	 0.0
0.0 	 0.0
0.0 	 0.0
0.0 	 0.0
0.0 	 0.0
0.0 	 0.0
0.0 	 0.0
0.0 	 0.0
0.0 	 0.0
0.08860332055545479 	 0.0003116269987671818
0.0 	 0.0
0.0 	 0.0
0.0 	 0.0
0.0 	 0.0
0.0 	 0.0
0.0 	 0.0
0.0 	 0.0
0.0 	 0.0
0.0 	 0.0
0.0 	 0.0
0.0 	 0.0
0.0 	 0.0
0.0 	 0.0
0.0 	 0.0
0.0 	 0.0
0.0 	 0.0
0.0 	 0.0
0.0 	 0.0
0.0 	 0.0
0.0 	 0.0
0.0 	 0.0
0.0 	 0.0
0.0 	 0.0
0.0 	 0.0
0.11731948349208324 	 0.0004128413855869653
0.0 	 0.0
0.0 	 0.0
0.0 	 0.0
0.0 	 0.0
0.0 	 0.0
0.0 	 0.0
0.0 	 0.0
0.0 	 0.0
0.0 	 0.0
0.0 	 0.0
0.0 	 0.0
0.0 	 0.0
0.0 	 0.0
0.0 	 0.0
0.0 	 0.0
0.0 	 0.0
0.0 	 0.0
0.0 	 0.0
0.0 	 0.0
0.0 	 0.0
0.0 	 0.0
0.0 	 0.0
0.0 	 0.0
0.0 	 0.0
0.08537487415339436 	 0.0003808333205934841
0.0 	 0.0
0.0 	 0.0
0.0 	 0.0
0.0 	 0.0
0.0 	 0.0
0.0 	 0.0
0.0 	 0.0
0.0 	 0.0
0.0 	 0.0
0.0 	 0.0
0.0 	 0.0
0.0 	 0.0
0.0 	 0.0
0.0 	 0.0
0.0 	 0.0
0.0 	 0.0
0.0 	 0.0
0.0 	 0.0
0.0 	 0.0
0.0 	 0.0
0.0 	 0.0
0.0 	 0.0
0.0 	 0.0
0.0 	 0.0

dataset 7
mean		 var
0.1435693494697495 	 0.0008277524476557398
0.0 	 0.0
0.0 	 0.0
0.0 	 0.0
0.0 	 0.0
0.0 	 0.0
0.0 	 0.0
0.0 	 0.0
0.0 	 0.0
0.0 	 0.0
0.0 	 0.0
0.0 	 0.0
0.0 	 0.0
0.0 	 0.0
0.0 	 0.0
0.0 	 0.0
0.0 	 0.0
0.0 	 0.0
0.0 	 0.0
0.0 	 0.0
0.0 	 0.0
0.0 	 0.0
0.0 	 0.0
0.0 	 0.0
0.0 	 0.0
0.0712670351481126 	 0.00040142418475311786
0.0 	 0.0
0.0 	 0.0
0.0 	 0.0
0.0 	 0.0
0.0 	 0.0
0.0 	 0.0
0.0 	 0.0
0.0 	 0.0
0.0 	 0.0
0.0 	 0.0
0.0 	 0.0
0.0 	 0.0
0.0 	 0.0
0.0 	 0.0
0.0 	 0.0
0.0 	 0.0
0.0 	 0.0
0.0 	 0.0
0.0 	 0.0
0.0 	 0.0
0.0 	 0.0
0.0 	 0.0
0.0 	 0.0
0.0 	 0.0
0.10980435042145018 	 0.0005468319169722868
0.0 	 0.0
0.0 	 0.0
0.0 	 0.0
0.0 	 0.0
0.0 	 0.0
0.0 	 0.0
0.0 	 0.0
0.0 	 0.0
0.0 	 0.0
0.0 	 0.0
0.0 	 0.0
0.0 	 0.0
0.0 	 0.0
0.0 	 0.0
0.0 	 0.0
0.0 	 0.0
0.0 	 0.0
0.0 	 0.0
0.0 	 0.0
0.0 	 0.0
0.0 	 0.0
0.0 	 0.0
0.0 	 0.0
0.0 	 0.0
0.05821528155466603 	 0.00022640937739015226
0.0 	 0.0
0.0 	 0.0
0.0 	 0.0
0.0 	 0.0
0.0 	 0.0
0.0 	 0.0
0.0 	 0.0
0.0 	 0.0
0.0 	 0.0
0.0 	 0.0
0.0 	 0.0
0.0 	 0.0
0.0 	 0.0
0.0 	 0.0
0.0 	 0.0
0.0 	 0.0
0.0 	 0.0
0.0 	 0.0
0.0 	 0.0
0.0 	 0.0
0.0 	 0.0
0.0 	 0.0
0.0 	 0.0
0.0 	 0.0

dataset 8
mean		 var
0.17198451403596957 	 0.0002542345889773453
0.0 	 0.0
0.0 	 0.0
0.0 	 0.0
0.0 	 0.0
0.0 	 0.0
0.0 	 0.0
0.0 	 0.0
0.0 	 0.0
0.0 	 0.0
0.0 	 0.0
0.0 	 0.0
0.0 	 0.0
0.0 	 0.0
0.0 	 0.0
0.0 	 0.0
0.0 	 0.0
0.0 	 0.0
0.0 	 0.0
0.0 	 0.0
0.0 	 0.0
0.0 	 0.0
0.0 	 0.0
0.0 	 0.0
0.0 	 0.0
0.11494667954356654 	 0.0005148043918621327
0.0 	 0.0
0.0 	 0.0
0.0 	 0.0
0.0 	 0.0
0.0 	 0.0
0.0 	 0.0
0.0 	 0.0
0.0 	 0.0
0.0 	 0.0
0.0 	 0.0
0.0 	 0.0
0.0 	 0.0
0.0 	 0.0
0.0 	 0.0
0.0 	 0.0
0.0 	 0.0
0.0 	 0.0
0.0 	 0.0
0.0 	 0.0
0.0 	 0.0
0.0 	 0.0
0.0 	 0.0
0.0 	 0.0
0.0 	 0.0
0.16073054426765493 	 0.0002949137989883342
0.0 	 0.0
0.0 	 0.0
0.0 	 0.0
0.0 	 0.0
0.0 	 0.0
0.0 	 0.0
0.0 	 0.0
0.0 	 0.0
0.0 	 0.0
0.0 	 0.0
0.0 	 0.0
0.0 	 0.0
0.0 	 0.0
0.0 	 0.0
0.0 	 0.0
0.0 	 0.0
0.0 	 0.0
0.0 	 0.0
0.0 	 0.0
0.0 	 0.0
0.0 	 0.0
0.0 	 0.0
0.0 	 0.0
0.0 	 0.0
0.07591175730795498 	 0.0001477758272942417
0.0 	 0.0
0.0 	 0.0
0.0 	 0.0
0.0 	 0.0
0.0 	 0.0
0.0 	 0.0
0.0 	 0.0
0.0 	 0.0
0.0 	 0.0
0.0 	 0.0
0.0 	 0.0
0.0 	 0.0
0.0 	 0.0
0.0 	 0.0
0.0 	 0.0
0.0 	 0.0
0.0 	 0.0
0.0 	 0.0
0.0 	 0.0
0.0 	 0.0
0.0 	 0.0
0.0 	 0.0
0.0 	 0.0
0.0 	 0.0

dataset 9
mean		 var
0.17981778094917464 	 0.0010233988059652195
0.0 	 0.0
0.0 	 0.0
0.0 	 0.0
0.0 	 0.0
0.0 	 0.0
0.0 	 0.0
0.0 	 0.0
0.0 	 0.0
0.0 	 0.0
0.0 	 0.0
0.0 	 0.0
0.0 	 0.0
0.0 	 0.0
0.0 	 0.0
0.0 	 0.0
0.0 	 0.0
0.0 	 0.0
0.0 	 0.0
0.0 	 0.0
0.0 	 0.0
0.0 	 0.0
0.0 	 0.0
0.0 	 0.0
0.0 	 0.0
0.02621040195517652 	 0.00016936520437579538
0.0 	 0.0
0.0 	 0.0
0.0 	 0.0
0.0 	 0.0
0.0 	 0.0
0.0 	 0.0
0.0 	 0.0
0.0 	 0.0
0.0 	 0.0
0.0 	 0.0
0.0 	 0.0
0.0 	 0.0
0.0 	 0.0
0.0 	 0.0
0.0 	 0.0
0.0 	 0.0
0.0 	 0.0
0.0 	 0.0
0.0 	 0.0
0.0 	 0.0
0.0 	 0.0
0.0 	 0.0
0.0 	 0.0
0.0 	 0.0
0.18219929926928546 	 0.001903278318817437
0.0 	 0.0
0.0 	 0.0
0.0 	 0.0
0.0 	 0.0
0.0 	 0.0
0.0 	 0.0
0.0 	 0.0
0.0 	 0.0
0.0 	 0.0
0.0 	 0.0
0.0 	 0.0
0.0 	 0.0
0.0 	 0.0
0.0 	 0.0
0.0 	 0.0
0.0 	 0.0
0.0 	 0.0
0.0 	 0.0
0.0 	 0.0
0.0 	 0.0
0.0 	 0.0
0.0 	 0.0
0.0 	 0.0
0.0 	 0.0
0.018689848051716185 	 8.255603620674108e-05
0.0 	 0.0
0.0 	 0.0
0.0 	 0.0
0.0 	 0.0
0.0 	 0.0
0.0 	 0.0
0.0 	 0.0
0.0 	 0.0
0.0 	 0.0
0.0 	 0.0
0.0 	 0.0
0.0 	 0.0
0.0 	 0.0
0.0 	 0.0
0.0 	 0.0
0.0 	 0.0
0.0 	 0.0
0.0 	 0.0
0.0 	 0.0
0.0 	 0.0
0.0 	 0.0
0.0 	 0.0
0.0 	 0.0
0.0 	 0.0
