
dataset 1
mean				 var
0.012252631578947366 				 0.0008482612299168982
0.01288 				 0.0007224542315789473
0.017027368421052628 				 0.0005274043036011078
0.023686315789473673 				 0.0002989980232686982
0.03354526315789474 				 0.00016798521440443203
0.041557894736842106 				 0.00017007317451523543
0.04161684210526317 				 0.0003105698216066479
0.03293263157894735 				 0.0006995419878116347
0.0181915789473684 				 0.0008342883501385031
0.014848421052631573 				 0.0009234629185595562

dataset 2
mean				 var
0.0004673684210526313 				 7.617772853185589e-07
0.0028736842105263165 				 4.495623268698059e-06
0.0026547368421052635 				 4.584372299168976e-06
0.008873684210526318 				 1.4511623268698058e-05
0.013187368421052635 				 2.8269314127423817e-05
0.03106105263157894 				 9.501395678670362e-05
0.023730526315789462 				 0.00010604106814404432
0.007250526315789478 				 2.6530499722991704e-05
0.0016252631578947373 				 1.7088354570637115e-06
0.0004189473684210524 				 4.31640997229917e-07

dataset 3
mean				 var
0.004391111111111112 				 0.0003235839209876535
0.007904444444444447 				 0.0002965944246913581
0.011702222222222227 				 0.00028120377283950604
0.014648888888888888 				 0.0002523647209876544
0.02081777777777778 				 0.00023108946172839502
0.02560222222222222 				 0.00016652177283950616
0.02340666666666666 				 0.000168514622222222
0.018760000000000002 				 0.00022897084444444433
0.013268888888888884 				 0.00033277303209876486
0.005975555555555553 				 0.0003233940691358018

dataset 4
mean				 var
0.003571891891891892 				 0.0003097756423666917
0.0057145945945945974 				 0.00029154924645726806
0.0108454054054054 				 0.00025738777618699785
0.01854918918918919 				 0.00021426963447772104
0.027863783783783798 				 0.00015628068838568303
0.0359718918918919 				 0.0001222400747991235
0.034689729729729724 				 0.00017712686749452158
0.018374054054054064 				 0.0002776884078889699
0.007556756756756763 				 0.0002944932651570487
0.003978378378378379 				 0.0003048522892622358

dataset 5
mean				 var
0.09638153846153841 				 2.8626530966469465e-05
0.07912820512820512 				 0.00014310294806048657
0.07255589743589742 				 0.00012748174727153188
0.06762461538461538 				 0.00013045108639053247
0.06405333333333334 				 0.0001467343863247863
0.05760205128205126 				 0.0001086104573307034
0.055593846153846174 				 0.00010496898777120321
0.0618769230769231 				 0.00012841644181459555
0.07281435897435898 				 0.00020350748612754768
0.0936574358974359 				 7.587116265614722e-05

dataset 6
mean				 var
0.0013488888888888893 				 1.1480943209876519e-05
0.0033755555555555553 				 2.8812735802469187e-05
0.00952000000000001 				 5.981582222222223e-05
0.01634666666666665 				 6.352604444444448e-05
0.02701111111111111 				 0.00016544254320987665
0.04045999999999998 				 0.0002253270666666668
0.03225111111111107 				 0.00036870938765432113
0.013091111111111116 				 9.578103209876544e-05
0.006686666666666666 				 4.906893333333334e-05
0.002017777777777778 				 1.4902795061728365e-05

dataset 7
mean				 var
0.0028237837837837843 				 0.0002129058127100069
0.006650810810810809 				 0.00021273363447772085
0.010789189189189193 				 0.00015279988312636954
0.017535135135135133 				 0.00011498995471146828
0.027783783783783773 				 0.00017428233162892617
0.05143567567567569 				 0.000271981646165084
0.052501621621621614 				 0.0003143498892622351
0.02586594594594594 				 0.0004984105700511321
0.006892972972972972 				 0.00024531805872899976
0.002627027027027027 				 0.00021402759386413554

dataset 8
mean				 var
0.002246315789473686 				 1.1022275900277014e-05
0.007528421052631588 				 3.145929750692519e-05
0.012240000000000001 				 5.4418189473684246e-05
0.01331578947368421 				 5.129354016620501e-05
0.018147368421052617 				 8.094165096952905e-05
0.030370526315789487 				 0.00013039071024930742
0.04192842105263159 				 0.00011086308698060936
0.033147368421052634 				 0.00013264986149584494
0.018334736842105265 				 0.0001338778459833796
0.004054736842105264 				 4.221174072022158e-05

dataset 9
mean				 var
0.06961684210526312 				 0.00046509782160664864
0.049905263157894744 				 0.00034886091966759023
0.04775999999999997 				 0.0002760266105263158
0.049536842105263164 				 0.0001815825373961218
0.046701052631578914 				 0.00021330978836565096
0.04592210526315789 				 0.0002328806692520776
0.049850526315789456 				 0.000138860183933518
0.045115789473684186 				 0.00025723080332409946
0.04818315789473683 				 0.00038906876897506945
0.06824842105263153 				 0.0004121622869806095
