
dataset 1
mean				 var
0.0 				 0.0
0.0 				 0.0
0.022896893773600213 				 6.159739986674754e-05
0.04654559804944047 				 0.00023186449740728377
0.04583179340360294 				 0.00016841638288674505
0.8715257761168709 				 0.0015170227750192558
0.013199938656485154 				 2.043144151333974e-05
0.0 				 0.0
0.0 				 0.0

dataset 2
mean				 var
0.0 				 0.0
0.0 				 0.0
0.022311014767125246 				 6.811753582574665e-06
0.038945721318015596 				 2.5119592330549543e-05
0.0277297042791913 				 1.4888597028942503e-05
0.8986728640022502 				 0.00012414528754795098
0.01234069563341717 				 1.7577579926791171e-06
0.0 				 0.0
0.0 				 0.0

dataset 3
mean				 var
0.0 				 0.0
0.0 				 0.0
0.02252130433794064 				 6.560952699767864e-05
0.03232795733240673 				 0.0002313885601799678
0.038112953203842725 				 0.000220302886471978
0.8946297008104132 				 0.0015259823549508948
0.012408084315396587 				 2.1176532720148368e-05
0.0 				 0.0
0.0 				 0.0

dataset 4
mean				 var
0.0 				 0.0
0.0 				 0.0
0.014359191907222905 				 3.516157613644189e-05
0.023685949120489668 				 7.592605705274236e-05
0.037273027258422894 				 0.00014863304043817346
0.9159348564985882 				 0.0007142489892824634
0.008746975215276351 				 1.248274510155116e-05
0.0 				 0.0
0.0 				 0.0

dataset 5
mean				 var
0.0 				 0.0
0.0 				 0.0
0.04425474300858347 				 0.0003916843594667529
0.09243508552535934 				 0.0011340774566433137
0.07036288340932935 				 0.0006952550694163649
0.770187076752037 				 0.007589297366731818
0.022760211304690053 				 0.00011670417039285537
0.0 				 0.0
0.0 				 0.0

dataset 6
mean				 var
0.0 				 0.0
0.0 				 0.0
0.023693439433085616 				 6.847858965011944e-05
0.04257899880966444 				 0.00018629151781811054
0.0346821293996931 				 0.0001864529971629926
0.8866985686122301 				 0.0014127234516452107
0.012346863745326548 				 2.6052512717502766e-05
0.0 				 0.0
0.0 				 0.0

dataset 7
mean				 var
0.0 				 0.0
0.0 				 0.0
0.019304205542612172 				 3.0337669758123274e-05
0.039185557891974906 				 0.00022270138411946592
0.0419751851162195 				 0.00020070705869513686
0.8879240619857645 				 0.000753421820497825
0.011610989463429134 				 1.6154649464793128e-05
0.0 				 0.0
0.0 				 0.0

dataset 8
mean				 var
0.0 				 0.0
0.0 				 0.0
0.049199047925906896 				 0.00024620382131492955
0.07803423659708095 				 0.0007817603021626426
0.06839288343271963 				 0.00047074838856556227
0.7770220064471884 				 0.0048843120555519155
0.02735182559710428 				 8.232139595448614e-05
0.0 				 0.0
0.0 				 0.0

dataset 9
mean				 var
0.0 				 0.0
0.0 				 0.0
0.0393665449286 				 0.00033347784258496593
0.014947691259991014 				 0.00016752840760940398
0.0754776458142809 				 0.0010305554597338346
0.8344835956303046 				 0.005352885070750875
0.03572452236682293 				 0.00025371888445029507
0.0 				 0.0
0.0 				 0.0
