
dataset 1
mean				 var
0.0 				 0.0
0.0 				 0.0
0.010973678201542813 				 3.1812301267876185e-05
0.0334204603151731 				 0.00021962743100637706
0.04006510899001264 				 0.00018157649587194317
0.9085869841948166 				 0.0012870052670964777
0.006953768298454567 				 1.733705103787242e-05
0.0 				 0.0
0.0 				 0.0

dataset 2
mean				 var
0.0 				 0.0
0.0 				 0.0
0.008873718707541773 				 1.254263854527629e-06
0.02233991109846574 				 9.184435421569457e-06
0.019936981669212053 				 1.0104807884487744e-05
0.9436839940141765 				 4.09817306272033e-05
0.005165394510603638 				 6.784447334271895e-07
0.0 				 0.0
0.0 				 0.0

dataset 3
mean				 var
0.0 				 0.0
0.0 				 0.0
0.010741310618606946 				 2.0057277692269398e-05
0.01790234732513764 				 8.036853881891074e-05
0.029836456150370373 				 0.00010775176334375822
0.9343239386733516 				 0.0006077751199641744
0.007195947232533157 				 1.0609144665385021e-05
0.0 				 0.0
0.0 				 0.0

dataset 4
mean				 var
0.0 				 0.0
0.0 				 0.0
0.00742445396655847 				 1.376971513340491e-05
0.013246836816476896 				 4.0250021566302444e-05
0.02145679920022167 				 5.490381238942564e-05
0.9525412051592084 				 0.00031383529635919884
0.00533070485753415 				 6.549340240535587e-06
0.0 				 0.0
0.0 				 0.0

dataset 5
mean				 var
0.0 				 0.0
0.0 				 0.0
0.042516752000496295 				 0.0003180509760714632
0.08956133318002994 				 0.001030933268733944
0.07165267358989025 				 0.0005839316915067178
0.7715890929964597 				 0.006843797755346813
0.024680148233123738 				 0.00011960515737066242
0.0 				 0.0
0.0 				 0.0

dataset 6
mean				 var
0.0 				 0.0
0.0 				 0.0
0.012164460118114959 				 4.596073710483112e-05
0.023118150253725336 				 0.00010503957277075556
0.018932777169127963 				 0.00011045421691646095
0.9380202165702247 				 0.0009736220634679773
0.007764395888807676 				 2.51859692548586e-05
0.0 				 0.0
0.0 				 0.0

dataset 7
mean				 var
0.0 				 0.0
0.0 				 0.0
0.012652236249721829 				 1.3827382366997282e-05
0.02142056109294008 				 6.0256228712649724e-05
0.029439871387912445 				 8.277914286991357e-05
0.9276606641365968 				 0.0003729540985718939
0.008826667132829417 				 8.345793720059794e-06
0.0 				 0.0
0.0 				 0.0

dataset 8
mean				 var
0.0 				 0.0
0.0 				 0.0
0.02984832229622588 				 0.00014831401528775414
0.0595565252269404 				 0.0004933447208053582
0.055747462033663014 				 0.00042638704790653906
0.8348353078622732 				 0.003701806361801088
0.020012382580897544 				 7.562547767015645e-05
0.0 				 0.0
0.0 				 0.0

dataset 9
mean				 var
0.0 				 0.0
0.0 				 0.0
0.030437801237321413 				 0.0001381188953001402
0.014009237487724124 				 5.1773253281799296e-05
0.05453769259117562 				 0.0003848621832651437
0.8737410901957448 				 0.0016312109635338867
0.02727417848803367 				 0.00012221656411256005
0.0 				 0.0
0.0 				 0.0
